27 29 32 33 36 37 40 37 
2 3 1 3 1 3 3 
61 62 63 66 66 
1 1 3 0 
53 54 57 60 61 62 63 67 
1 3 3 1 1 1 4 
5 7 10 12 14 16 18 23 
2 3 2 2 2 2 5 
71 74 77 80 83 80 83 
3 3 3 3 3 
22 25 28 30 33 30 32 29 
3 3 2 3 3 
44 47 49 48 48 
3 2 1 0 
3 6 8 10 13 14 11 15 
3 2 2 3 1 3 
19 20 18 21 27 
1 2 
64 66 69 69 72 
2 3 0 3 
40 41 44 45 45 42 
1 3 1 0 3 
67 70 70 72 72 
3 0 2 0 
38 39 42 44 44 48 
1 3 2 0 4 
10 12 14 16 19 19 26 
2 2 2 3 0 7 
6 7 11 12 14 15 
1 4 
14 15 16 18 19 23 21 
1 1 2 1 4 
6 7 11 14 14 
1 4 
1 2 5 7 11 13 17 
1 3 2 4 
4 5 6 9 13 19 
1 1 3 4 
52 54 60 62 63 66 
2 6 
65 67 69 71 76 77 75 
2 2 2 5 
70 71 73 80 81 81 
1 2 7 
64 65 70 73 75 79 
1 5 
59 62 64 67 74 81 
3 2 3 7 
67 65 68 71 72 73 74 
2 3 3 1 1 1 
65 64 66 69 67 
1 2 3 2 
24 21 22 24 27 29 29 
3 1 2 3 2 0 
32 29 32 35 37 38 40 44 
3 3 3 2 1 2 4 
79 76 77 80 87 
3 1 3 7 
51 48 46 47 50 
3 2 
33 32 34 33 35 32 
1 2 1 
99 96 98 97 97 
3 2 1 
41 40 42 45 44 48 
1 2 3 1 
83 80 82 81 88 
3 2 1 
42 41 41 42 43 44 
1 0 
15 12 12 13 15 12 
3 0 
95 92 94 94 94 
3 2 0 
54 51 53 53 55 57 61 
3 2 0 
87 86 89 91 91 98 
1 3 2 0 
10 9 13 14 17 20 
1 4 
39 37 41 43 44 42 
2 4 
31 30 31 35 37 40 41 41 
1 1 4 
31 28 31 34 38 42 
3 3 3 4 
28 26 30 32 39 
2 4 
27 24 25 32 33 36 
3 1 7 
72 69 74 75 76 78 77 
3 5 
34 33 35 38 41 42 48 48 
1 2 3 3 1 6 
69 68 70 77 78 80 84 
1 2 7 
16 15 16 22 24 27 28 33 
1 1 6 
39 39 40 41 42 45 
0 1 1 1 3 
61 61 63 65 68 70 73 71 
0 2 2 3 2 3 2 
93 93 95 98 98 
0 2 3 0 
54 54 55 56 60 
0 1 1 4 
34 34 35 38 45 
0 1 3 7 
53 53 56 53 55 
0 3 3 
69 69 68 69 72 71 
0 1 
30 30 31 30 30 
0 1 1 
66 66 64 67 71 
0 2 
6 6 7 5 10 
0 1 2 
11 11 12 15 15 18 19 
0 1 3 0 
56 56 59 59 58 
0 3 0 
51 51 53 54 54 55 56 56 
0 2 1 0 
70 70 70 71 73 74 78 
0 0 
11 11 11 12 19 
0 0 
48 48 52 54 56 59 62 64 
0 4 
33 33 36 40 42 40 
0 3 4 
78 78 80 84 87 88 88 
0 2 4 
61 61 62 64 68 72 
0 1 2 4 
27 27 30 33 35 39 40 45 
0 3 3 2 4 
37 37 44 47 48 49 50 
0 7 
2 2 9 10 11 8 
0 7 
29 29 36 38 40 40 
0 7 
16 16 17 18 23 27 
0 1 1 5 
56 56 63 64 66 72 
0 7 
16 20 22 24 27 30 31 32 
4 2 2 3 3 1 1 
2 6 9 12 13 15 18 16 
4 3 3 1 2 3 2 
64 68 70 72 75 76 77 77 
4 2 2 3 1 1 0 
35 39 41 42 44 45 49 
4 2 1 2 1 4 
29 33 35 38 40 46 
4 2 3 2 6 
77 81 82 84 82 84 
4 1 2 2 
67 71 72 73 76 75 72 
4 1 1 3 1 
45 49 50 47 50 50 
4 1 3 
50 54 53 56 60 
4 1 
30 34 31 32 35 42 
4 3 
70 74 76 78 78 81 
4 2 2 0 
87 91 91 93 90 
4 0 
4 8 11 14 17 17 18 18 
4 3 3 3 0 
9 13 14 15 18 20 20 24 
4 1 1 3 2 0 
48 52 53 54 56 56 57 62 
4 1 1 2 0 
21 25 27 31 34 36 39 
4 2 4 
3 7 11 13 12 
4 4 
26 30 33 37 37 
4 3 4 
4 8 12 13 14 17 21 
4 4 
64 68 69 71 75 76 77 84 
4 1 2 4 
17 21 28 29 30 
4 7 
82 86 88 94 92 
4 2 6 
40 44 47 48 54 56 59 59 
4 3 1 6 
36 40 41 48 51 55 
4 1 7 
36 40 43 44 47 54 56 61 
4 3 1 3 7 
21 28 30 33 35 36 
7 2 3 2 1 
29 35 37 38 40 41 44 43 
6 2 1 2 1 3 1 
3 9 10 11 14 15 16 16 
6 1 1 3 1 1 0 
36 41 43 44 47 51 
5 2 1 3 4 
61 66 69 71 76 
5 3 2 5 
54 59 62 61 63 
5 3 1 
19 25 28 31 34 31 29 
6 3 3 3 3 
45 50 52 55 52 52 
5 2 3 3 
72 77 80 79 83 
5 3 1 
69 74 76 73 80 
5 2 3 
17 24 24 27 28 
7 0 
39 44 44 46 44 
5 0 
67 74 76 77 79 80 80 80 
7 2 1 2 1 0 
59 66 68 68 71 73 77 
7 2 0 
2 7 10 12 13 13 15 20 
5 3 2 1 0 
17 24 25 26 30 31 32 
7 1 1 4 
4 9 11 14 15 19 16 
5 2 3 1 4 
67 72 75 78 82 84 84 
5 3 3 4 
70 76 79 82 84 88 92 
6 3 3 2 4 
63 70 73 77 78 79 86 
7 3 4 
39 45 47 50 53 59 61 
6 2 3 3 6 
8 14 20 23 24 25 22 
6 6 
54 61 67 70 70 
7 6 
27 34 36 37 44 45 49 
7 2 1 7 
22 29 36 39 40 43 48 
7 7 
58 56 55 54 52 51 50 51 
2 1 
18 17 16 13 11 8 8 
1 1 
57 55 52 49 48 45 41 
2 3 
32 30 29 26 20 
2 1 
11 8 7 4 5 2 
3 1 
30 28 30 28 27 25 28 
2 2 2 
99 97 94 96 96 
2 3 
15 13 15 13 9 
2 2 2 
29 28 30 28 26 23 21 16 
1 2 2 
34 31 29 27 27 24 
3 2 
74 73 72 72 74 
1 1 
19 18 15 15 13 11 11 
1 3 
56 54 54 52 51 49 47 43 
2 0 
83 80 80 78 76 74 67 
3 0 
47 45 44 42 38 36 35 
2 1 
20 17 16 12 10 13 
3 1 
98 97 94 90 89 88 86 86 
1 3 
75 72 68 66 62 
3 4 
71 70 67 63 60 53 
1 3 
45 43 42 39 37 36 31 30 
2 1 
25 24 21 20 15 16 
1 3 
96 94 92 90 88 83 82 82 
2 2 
74 72 69 64 63 59 
2 3 
89 88 82 79 77 70 
1 6 
97 99 96 93 92 91 88 
2 3 
75 78 76 73 71 73 
3 2 3 
19 21 20 19 18 15 12 12 
2 1 1 
33 34 31 28 26 23 19 
1 3 
77 79 78 77 75 74 73 68 
2 1 1 
20 23 21 19 16 19 17 16 
3 2 2 
66 68 67 65 64 65 64 66 
2 1 2 
24 26 23 22 23 22 22 
2 3 
86 87 89 86 85 82 78 
1 2 3 
91 93 91 89 86 88 83 
2 2 
57 60 60 58 55 52 
3 0 2 
48 49 49 46 44 41 40 42 
1 0 3 
96 98 95 93 92 92 89 89 
2 3 
52 54 54 51 50 48 46 42 
2 0 3 
30 33 31 29 29 22 
3 2 2 
42 44 43 40 39 35 32 31 
2 1 3 
71 73 70 69 66 62 61 62 
2 3 
23 25 21 20 19 19 
2 4 
39 40 39 35 33 29 
1 1 
37 40 39 36 35 31 29 22 
3 1 3 
66 67 64 62 57 56 
1 3 
70 73 68 65 62 65 
3 5 
20 22 21 16 13 13 
2 1 5 
61 62 59 58 56 49 45 
1 3 
58 59 58 56 53 46 41 
1 1 
35 35 33 30 29 28 
0 2 
41 41 38 37 34 33 35 
0 3 
26 26 23 21 19 17 16 16 
0 3 
76 76 74 71 69 66 64 60 
0 2 
99 99 97 96 93 92 89 84 
0 2 
42 42 40 39 37 34 36 35 
0 2 
78 78 76 77 76 75 76 
0 2 
64 64 63 64 64 
0 1 
43 43 42 45 43 40 36 
0 1 
28 28 27 24 25 24 22 17 
0 1 
55 55 54 54 52 
0 1 
88 88 88 86 87 
0 0 
76 76 75 75 74 74 
0 1 
75 75 74 74 70 
0 1 
47 47 47 45 40 
0 0 
78 78 75 73 72 68 66 
0 3 
58 58 56 53 50 47 43 44 
0 2 
93 93 91 88 84 82 81 81 
0 2 
50 50 49 48 44 41 37 
0 1 
87 87 86 84 80 79 74 
0 1 
64 64 63 58 56 55 
0 1 
85 85 84 79 82 
0 1 
91 91 89 82 79 76 76 
0 2 
75 75 74 67 66 62 
0 1 
73 73 70 67 64 63 57 51 
0 3 
99 95 92 89 86 84 
4 3 
83 79 78 76 74 76 
4 1 
75 71 70 69 68 68 
4 1 
38 34 32 29 25 
4 2 
95 91 90 87 82 
4 1 
66 62 60 58 61 59 
4 2 
24 20 17 15 16 18 
4 3 
18 14 11 9 11 10 9 9 
4 3 
63 59 56 59 58 54 
4 3 
75 71 72 70 63 
4 1 2 
77 73 70 68 68 67 
4 3 
83 79 79 78 77 75 72 73 
4 0 
72 68 67 66 63 62 62 62 
4 1 
42 38 38 37 35 33 29 
4 0 
26 22 22 20 18 12 
4 0 
47 43 39 37 36 33 30 27 
4 4 
33 29 28 24 21 23 
4 1 
54 50 46 44 42 41 41 
4 4 
94 90 89 88 87 84 80 76 
4 1 
27 23 19 18 12 
4 4 
18 14 13 10 5 4 3 
4 1 
67 63 62 59 52 53 
4 1 
19 15 8 7 4 4 
4 7 
29 25 18 16 15 11 
4 7 
41 37 35 34 27 26 20 
4 2 
85 79 78 76 74 
6 1 
98 93 90 88 91 
5 3 
19 12 11 10 8 6 5 5 
7 1 
29 24 23 21 19 17 16 12 
5 1 
77 70 69 68 62 
7 1 
49 43 46 45 42 
6 3 1 
45 40 37 35 34 37 35 36 
5 3 
72 67 69 66 65 62 62 
5 2 3 
84 78 79 77 76 72 
6 1 2 
26 21 24 23 21 20 15 
5 3 1 
95 90 90 89 87 85 82 
5 0 
83 76 75 74 74 73 72 73 
7 1 
86 79 76 76 76 
7 3 
69 64 63 60 59 59 55 
5 1 
31 26 24 24 22 21 20 13 
5 2 
60 53 49 46 44 
7 4 
75 69 65 62 63 
6 4 
79 73 69 66 65 64 61 61 
6 4 
93 88 86 82 80 76 
5 2 
66 60 59 57 56 53 49 44 
6 1 
71 65 59 58 57 
6 6 
77 70 65 64 62 64 
7 5 
57 50 45 42 39 36 36 
7 5 
68 62 60 58 53 52 49 45 
6 2 
26 19 18 17 14 9 3 
7 1 
14 19 23 24 24 
5 4 
97 93 90 88 88 85 
4 3 
76 72 71 68 66 66 59 
4 1 
48 46 46 43 42 41 38 31 
2 0 
38 33 30 27 27 28 
5 3 
5 5 8 11 13 15 19 19 
0 3 3 2 2 4 
22 20 21 23 25 28 25 27 
2 1 2 2 3 3 
87 89 90 92 89 93 
2 1 2 3 
37 31 29 31 30 30 
6 2 
19 18 19 22 22 23 26 28 
1 1 3 0 
19 17 20 21 22 26 26 
2 3 1 1 4 
30 34 38 41 42 49 
4 4 
16 19 16 13 9 7 6 6 
3 3 
24 25 27 34 35 41 
1 2 7 
84 82 81 83 81 77 
2 1 
37 36 37 38 40 47 46 
1 1 1 2 7 
51 55 58 59 61 62 63 61 
4 3 1 2 1 1 2 
30 27 28 31 32 36 
3 1 3 1 4 
36 33 30 30 27 25 28 
3 3 
35 35 32 26 23 20 18 
0 3 
32 32 30 29 26 23 23 
0 2 
36 42 44 49 52 
6 2 5 
46 48 49 48 48 
2 1 1 
13 13 14 14 15 15 
0 1 0 
59 55 52 54 54 
4 3 
33 26 23 23 22 22 
7 3 
11 14 11 10 7 7 7 
3 3 
10 16 19 21 25 28 34 
6 3 2 4 
24 24 26 27 28 27 
0 2 1 1 1 
20 19 20 21 24 26 26 
1 1 1 3 2 0 
31 24 21 18 11 9 
7 3 
20 19 21 23 23 23 
1 2 2 0 
61 64 65 67 69 69 71 75 
3 1 2 2 0 2 4 
36 42 45 47 51 50 
6 3 2 4 
77 76 79 85 86 89 92 93 
1 3 6 
90 92 89 87 84 84 82 80 
2 3 
57 57 60 64 68 
0 3 4 
57 57 60 61 64 
0 3 1 3 
23 27 28 29 32 34 35 39 
4 1 1 3 2 1 4 
18 15 13 12 10 10 10 
3 2 
11 10 7 10 12 16 
1 3 
41 40 37 30 29 28 
1 3 
16 17 14 15 18 
1 3 
35 36 37 39 41 44 48 
1 1 2 2 3 4 
26 29 27 29 23 
3 2 2 6 
8 8 10 17 20 21 25 
0 2 7 
54 58 59 61 64 65 65 64 
4 1 2 3 1 0 
84 84 82 81 77 
0 2 
21 21 18 17 16 15 15 15 
0 3 
22 26 25 26 29 33 
4 1 
60 56 53 54 52 51 53 
4 3 
36 41 44 47 45 45 
5 3 3 2 
86 84 81 74 71 73 
2 3 
88 84 82 83 80 77 76 75 
4 2 
88 81 78 74 72 69 68 64 
7 3 
87 86 84 83 86 81 
1 2 
39 39 42 44 46 47 47 
0 3 2 2 1 0 
22 16 12 9 8 6 4 7 
6 4 
68 70 69 69 68 65 61 
2 1 0 
63 66 63 60 58 61 
3 3 
46 53 56 57 59 56 53 
7 3 1 2 3 
29 28 32 35 39 
1 4 
38 38 37 30 27 29 
0 1 
77 83 84 89 91 93 97 
6 1 5 
61 68 71 74 75 77 84 91 
7 3 3 1 2 7 
17 21 23 21 24 25 32 
4 2 2 
44 46 46 48 48 
2 0 2 0 
67 73 76 79 81 83 82 
6 3 3 2 2 1 
58 54 52 48 46 45 45 
4 2 
77 81 82 83 85 87 88 
4 1 1 2 2 1 
81 85 87 94 99 
4 2 7 
61 62 60 55 52 50 
1 2 
67 72 75 78 76 78 82 
5 3 3 2 
69 74 74 77 79 82 
5 0 
66 70 72 71 72 73 70 
4 2 1 
99 92 87 85 79 
7 5 
45 42 40 37 35 32 25 
3 2 
49 45 43 42 41 39 37 39 
4 2 
66 68 69 71 72 74 71 
2 1 2 1 2 3 
41 38 36 33 29 26 25 
3 2 
66 66 64 60 57 59 
0 2 
21 15 15 14 7 
6 0 
62 69 72 73 70 77 
7 3 1 3 
29 32 30 30 27 28 
3 2 0 
48 51 50 49 46 49 45 
3 1 1 
74 77 76 75 71 65 
3 1 1 
37 44 46 49 52 52 
7 2 3 3 0 
73 77 80 83 87 88 90 92 
4 3 3 4 
51 49 47 48 51 52 52 
2 2 
53 53 54 55 59 60 62 61 
0 1 1 4 
47 47 45 44 42 36 
0 2 
45 46 48 46 48 51 50 
1 2 2 
65 68 65 63 62 58 57 58 
3 3 
29 28 22 19 17 16 12 
1 6 
34 33 32 32 28 
1 1 
25 26 25 26 26 
1 1 
64 63 65 69 71 70 
1 2 4 
80 79 77 74 71 71 
1 2 
27 27 24 22 18 13 
0 3 
8 7 8 9 14 
1 1 1 5 
17 18 17 14 9 6 1 
1 1 
80 80 77 78 76 72 
0 3 
44 51 53 54 55 57 61 
7 2 1 1 2 4 
73 73 70 67 67 60 
0 3 
71 68 67 65 67 
3 1 
43 38 35 32 31 
5 3 
56 57 59 62 63 63 
1 2 3 1 0 
8 8 10 13 16 20 
0 2 3 3 4 
82 82 89 91 98 
0 7 
45 44 42 41 39 36 33 29 
1 2 
20 16 14 12 7 4 1 
4 2 
89 89 88 84 82 78 
0 1 
69 69 65 64 61 60 57 
0 4 
81 87 88 89 90 
6 1 1 1 
57 57 54 51 49 46 49 
0 3 
92 92 88 85 85 
0 4 
80 78 74 73 69 
2 4 
53 46 45 42 41 39 42 
7 1 
46 46 52 53 56 58 58 
0 6 
42 46 47 49 53 55 55 
4 1 2 4 
12 19 22 24 26 27 27 33 
7 3 2 2 1 0 
84 80 78 78 78 
4 2 
17 16 19 25 27 27 
1 3 6 
78 85 85 86 87 91 
7 0 
10 7 8 5 4 1 1 
3 1 3 
65 68 69 71 75 78 83 
3 1 2 4 
40 46 48 54 57 58 61 61 
6 2 6 
49 45 44 42 42 45 
4 1 
70 66 63 60 62 55 
4 3 
75 75 78 79 80 81 78 82 
0 3 1 1 1 3 
25 32 29 30 31 33 
7 3 
67 68 71 69 72 
1 3 2 3 
39 35 32 31 27 26 24 18 
4 3 
62 65 61 58 57 56 53 51 
3 4 
96 96 94 94 92 90 92 
0 2 
28 30 27 25 22 19 16 
2 3 
10 14 20 23 24 26 30 
4 6 
17 21 23 28 31 28 
4 2 5 
28 22 15 14 13 12 8 
6 7 
13 14 17 24 27 30 33 31 
1 3 7 
20 19 22 24 26 30 35 
1 3 2 2 4 
43 38 35 31 30 
5 3 
61 65 67 67 70 73 75 79 
4 2 0 
26 30 34 35 37 40 39 
4 4 
52 45 41 38 35 34 29 
7 4 
77 83 85 86 86 84 
6 2 1 0 
54 56 57 58 60 60 58 
2 1 1 2 0 2 
33 36 35 32 31 29 28 24 
3 1 3 
55 58 55 52 49 50 48 
3 3 
13 15 16 20 23 24 24 
2 1 4 
69 67 64 61 58 55 50 45 
2 3 
75 78 76 75 73 70 70 
3 2 1 
42 40 42 44 44 48 
2 2 2 0 
96 93 91 91 89 87 86 
3 2 
94 94 95 94 92 
0 1 1 
62 59 56 55 51 52 
3 3 
44 40 37 33 31 30 27 30 
4 3 
12 10 6 5 5 
2 4 
51 51 46 44 42 40 40 
0 5 
80 80 82 79 79 
0 2 3 
39 41 45 48 49 50 
2 4 
75 75 79 82 85 87 90 92 
0 4 
39 42 42 40 39 37 31 
3 0 2 
54 54 57 57 59 63 
0 3 0 
60 56 49 48 45 42 43 
4 7 
72 72 70 67 69 66 66 
0 2 
74 76 78 82 86 
2 2 4 
32 36 43 46 46 
4 7 
59 55 57 54 52 49 48 44 
4 2 3 
41 39 36 38 40 
2 3 
58 61 59 56 54 51 48 41 
3 2 3 
9 9 10 11 10 12 13 
0 1 1 1 
50 54 57 58 63 
4 3 1 5 
46 43 44 43 42 
3 1 1 
5 3 10 12 16 
2 7 
39 39 42 48 49 51 52 54 
0 3 6 
26 30 32 34 34 35 37 
4 2 2 0 
70 70 63 61 57 
0 7 
52 56 63 64 66 
4 7 
18 21 23 28 29 
3 2 5 
23 19 17 12 11 11 
4 2 
55 55 55 53 51 48 46 45 
0 0 
80 77 78 79 83 86 87 
3 1 1 4 
63 57 55 53 46 45 44 44 
6 2 
97 92 92 90 89 85 
5 0 
52 57 60 61 64 69 
5 3 1 3 5 
3 3 6 6 8 13 
0 3 0 
13 19 20 21 23 23 25 25 
6 1 1 2 0 
51 55 57 60 62 61 64 64 
4 2 3 2 1 
70 72 71 68 67 64 59 59 
2 1 3 
82 76 73 71 70 70 
6 3 
65 69 72 74 74 74 
4 3 2 0 
68 68 67 67 65 61 
0 1 
66 63 61 59 57 
3 2 
97 96 95 92 91 89 86 
1 1 
53 52 49 48 47 
1 3 
28 27 24 22 21 18 
1 3 
29 30 33 34 36 
1 3 1 2 
46 47 49 50 53 56 
1 2 1 3 3 
71 69 67 66 65 62 59 58 
2 2 
24 26 27 29 30 
2 1 2 1 
8 11 14 17 18 20 
3 3 3 1 2 
36 39 41 43 46 47 49 50 
3 2 2 3 1 2 1 
59 57 56 54 53 50 47 
2 1 
10 12 14 17 19 22 24 26 
2 2 3 2 3 2 2 
31 33 35 38 40 43 45 
2 2 3 2 3 2 
67 65 64 61 60 58 57 56 
2 1 
47 45 42 41 38 
2 3 
79 81 82 84 85 
2 1 2 1 
19 17 16 13 12 11 
2 1 
74 72 71 68 65 
2 1 
12 14 16 18 21 23 
2 2 2 3 2 
80 77 74 72 70 67 
3 3 
70 67 64 63 62 60 59 
3 3 
85 84 81 79 77 
1 3 
22 19 18 16 15 12 11 8 
3 1 
46 44 41 38 36 35 
2 3 
64 62 59 56 54 
2 3 
94 92 90 87 84 
2 2 
74 77 78 81 83 
3 1 3 2 
46 47 50 51 53 56 59 60 
1 3 1 2 3 3 1 
99 96 93 90 87 86 83 80 
3 3 
43 41 38 37 34 32 29 
2 3 
35 36 37 39 40 41 
1 1 2 1 1 
43 46 47 49 50 52 
3 1 2 1 2 
63 62 59 57 54 
1 3 
97 94 93 91 90 89 87 85 
3 1 
65 68 70 72 75 78 79 80 
3 2 2 3 3 1 1 
18 16 14 13 10 9 6 4 
2 2 
27 24 22 20 19 18 
3 2 
13 16 17 18 19 20 22 
3 1 1 1 1 2 
74 76 77 78 81 
2 1 1 3 
50 52 54 55 57 60 
2 2 1 2 3 
97 96 94 91 89 87 85 
1 2 
16 17 20 23 26 28 30 
1 3 3 3 2 2 
99 97 94 91 90 88 
2 3 
58 60 63 66 67 69 72 
2 3 3 1 2 3 
21 19 17 14 12 9 6 
2 2 
29 26 24 21 20 17 
3 2 
50 47 46 45 43 41 40 
3 1 
60 62 64 66 69 72 75 76 
2 2 2 3 3 3 1 
55 57 60 63 66 67 
2 3 3 3 1 
53 52 51 50 47 45 43 
1 1 
57 60 62 63 64 65 68 70 
3 2 1 1 1 3 2 
23 26 28 31 32 35 38 
3 2 3 1 3 3 
76 79 80 83 86 89 91 92 
3 1 3 3 3 2 1 
45 43 40 37 35 32 29 
2 3 
45 42 41 39 38 37 35 34 
3 1 
39 37 35 32 29 26 23 22 
2 2 
11 10 7 4 2 
1 3 
81 80 78 76 73 
1 2 
57 59 61 62 65 68 71 
2 2 1 3 3 3 
27 28 31 33 34 37 38 40 
1 3 2 1 3 1 2 
57 58 60 61 64 67 69 
1 2 1 3 3 2 
75 76 77 79 82 84 
1 1 2 3 2 
97 94 92 89 86 84 82 
3 2 
80 79 77 74 71 70 69 68 
1 2 
19 22 24 25 26 29 32 33 
3 2 1 1 3 3 1 
50 49 48 47 46 44 41 
1 1 
46 47 50 52 54 
1 3 2 2 
17 14 12 11 8 7 
3 2 
11 8 7 5 2 
3 1 
47 46 43 40 38 36 
1 3 
8 10 12 13 15 18 
2 2 1 2 3 
91 88 85 84 81 79 78 
3 3 
76 75 72 71 68 67 65 63 
1 3 
59 56 53 51 49 46 
3 3 
1 4 7 9 11 12 15 18 
3 3 2 2 1 3 3 
6 9 10 12 15 18 
3 1 2 3 3 
18 15 14 13 12 11 8 
3 1 
55 52 51 48 45 
3 1 
15 17 20 23 25 
2 3 3 2 
18 16 15 13 10 7 
2 1 
40 43 45 47 48 51 
3 2 2 1 3 
16 13 11 8 6 3 
3 2 
53 50 48 46 45 43 40 39 
3 2 
54 56 58 59 60 
2 2 1 1 
57 60 63 64 65 
3 3 1 1 
65 66 67 69 71 73 
1 1 2 2 2 
72 69 66 64 63 60 57 55 
3 3 
3 5 8 9 10 
2 3 1 1 
38 36 35 33 31 28 
2 1 
23 21 19 18 16 15 13 12 
2 2 
87 84 81 78 76 
3 3 
26 23 22 21 18 
3 1 
38 36 33 31 28 26 23 21 
2 3 
68 65 62 61 59 57 
3 3 
38 35 32 29 26 23 21 19 
3 3 
67 70 71 74 75 
3 1 3 1 
6 8 10 13 15 16 
2 2 3 2 1 
87 85 84 81 79 77 
2 1 
83 86 87 89 91 94 96 99 
3 1 2 2 3 2 3 
72 70 67 65 64 63 
2 3 
53 55 57 59 62 64 
2 2 2 3 2 
30 27 24 22 20 19 18 
3 3 
50 53 54 57 58 60 61 
3 1 3 1 2 1 
22 23 25 26 28 29 32 
1 2 1 2 1 3 
53 55 58 60 61 62 65 68 
2 3 2 1 1 3 3 
36 33 31 30 29 
3 2 
48 46 45 42 40 38 35 34 
2 1 
46 47 48 51 54 57 58 61 
1 1 3 3 3 1 3 
49 50 51 53 55 56 
1 1 2 2 1 
45 44 41 39 38 36 33 30 
1 3 
71 74 77 78 81 82 85 88 
3 3 1 3 1 3 3 
34 36 37 40 41 44 45 48 
2 1 3 1 3 1 3 
88 85 84 81 79 76 
3 1 
20 22 25 26 27 30 33 36 
2 3 1 1 3 3 3 
44 45 47 50 52 55 56 
1 2 3 2 3 1 
87 88 90 92 94 97 
1 2 2 2 3 
42 43 46 47 48 
1 3 1 1 
29 31 33 35 36 39 41 
2 2 2 1 3 2 
28 29 32 35 38 
1 3 3 3 
83 82 80 77 76 73 70 
1 2 
79 77 75 72 70 
2 2 
43 40 37 35 32 31 28 
3 3 
32 33 34 35 36 39 41 42 
1 1 1 1 3 2 1 
7 9 11 13 16 
2 2 2 3 
41 38 35 32 30 28 
3 3 
48 50 51 54 57 
2 1 3 3 
80 82 84 87 90 93 94 95 
2 2 3 3 3 1 1 
78 81 82 84 86 89 91 92 
3 1 2 2 3 2 1 
46 44 42 40 38 35 33 
2 2 
42 43 44 46 47 
1 1 2 1 
19 20 23 25 27 30 32 
1 3 2 2 3 2 
93 91 89 87 84 
2 2 
2 5 8 11 12 13 14 17 
3 3 3 1 1 1 3 
77 78 80 81 82 85 86 88 
1 2 1 1 3 1 2 
44 42 40 37 34 33 31 30 
2 2 
82 79 76 74 73 
3 3 
36 33 30 28 26 24 21 19 
3 3 
12 11 8 7 6 5 
1 3 
96 94 93 90 89 88 86 84 
2 1 
60 62 65 67 68 71 74 
2 3 2 1 3 3 
35 37 40 42 44 46 
2 3 2 2 2 
27 25 22 21 18 
2 3 
50 51 52 53 56 59 
1 1 1 3 3 
84 85 86 87 88 91 92 
1 1 1 1 3 1 
79 80 83 85 88 
1 3 2 3 
2 5 7 10 13 16 18 
3 2 3 3 3 2 
88 85 84 81 79 78 77 
3 1 
43 40 37 36 33 30 27 25 
3 3 
49 48 45 44 42 41 
1 3 
70 69 66 63 62 59 57 54 
1 3 
63 62 61 60 59 
1 1 
63 65 68 69 72 75 76 
2 3 1 3 3 1 
50 51 52 55 56 57 
1 1 3 1 1 
25 24 23 20 17 15 12 
1 1 
50 48 46 45 43 41 39 36 
2 2 
44 43 40 39 36 35 
1 3 
25 27 29 31 33 35 36 
2 2 2 2 2 1 
86 83 81 79 76 73 72 69 
3 2 
69 67 64 62 61 59 
2 3 
2 4 5 7 10 
2 1 2 3 
53 50 47 46 43 40 39 
3 3 
50 47 46 44 42 
3 1 
87 85 83 80 77 74 72 
2 2 
87 88 90 91 93 96 99 
1 2 1 2 3 3 
52 49 47 46 44 42 
3 2 
75 72 69 68 65 62 61 60 
3 3 
48 49 52 55 58 
1 3 3 3 
14 16 17 18 20 22 23 25 
2 1 1 2 2 1 2 
81 78 77 74 71 69 
3 1 
70 67 65 62 60 
3 2 
38 40 43 44 47 
2 3 1 3 
87 86 85 82 80 79 
1 1 
82 81 80 79 76 73 
1 1 
82 79 78 76 75 73 70 67 
3 1 
63 62 60 58 57 55 54 52 
1 2 
19 20 23 24 26 27 30 32 
1 3 1 2 1 3 2 
36 34 33 30 29 26 24 23 
2 1 
34 37 39 40 42 43 
3 2 1 2 1 
82 81 78 75 73 72 71 
1 3 
66 67 68 69 72 75 77 78 
1 1 1 3 3 2 1 
39 41 44 45 46 
2 3 1 1 
52 51 50 49 47 45 
1 1 
75 72 71 70 68 66 63 60 
3 1 
49 50 53 55 58 59 60 62 
1 3 2 3 1 1 2 
69 71 73 74 75 77 78 80 
2 2 1 1 2 1 2 
90 91 92 95 96 97 98 
1 1 3 1 1 1 
58 59 61 62 65 66 
1 2 1 3 1 
2 3 4 7 9 11 12 15 
1 1 3 2 2 1 3 
32 31 28 27 25 22 20 18 
1 3 
89 90 93 94 96 98 
1 3 1 2 2 
35 32 31 30 27 
3 1 
33 34 36 38 40 41 44 47 
1 2 2 2 1 3 3 
11 13 16 19 22 23 26 
2 3 3 3 1 3 
26 25 22 21 19 16 15 
1 3 
66 63 61 60 57 
3 2 
17 16 13 11 10 
1 3 
54 53 51 50 48 47 44 41 
1 2 
96 93 90 87 84 82 
3 3 
16 15 12 10 8 7 6 3 
1 3 
79 77 76 75 72 
2 1 
64 61 60 57 54 52 50 
3 1 
10 11 12 14 15 16 17 20 
1 1 2 1 1 1 3 
90 93 94 96 97 
3 1 2 1 
74 71 70 69 66 65 62 59 
3 1 
9 10 13 15 16 
1 3 2 1 
16 19 21 22 25 26 
3 2 1 3 1 
48 51 52 55 56 57 
3 1 3 1 1 
19 17 14 12 11 9 8 
2 3 
88 87 86 84 83 82 80 77 
1 1 
35 34 33 31 30 
1 1 
21 18 16 14 13 10 9 6 
3 2 
83 81 78 75 73 72 
2 3 
47 48 51 52 55 57 58 59 
1 3 1 3 2 1 1 
34 32 30 28 25 
2 2 
49 46 44 41 40 39 36 
3 2 
30 33 34 37 40 43 45 
3 1 3 3 3 2 
48 45 42 41 38 35 
3 3 
12 13 14 16 18 
1 1 2 2 
41 40 37 35 33 
1 3 
67 68 70 71 74 75 
1 2 1 3 1 
29 30 33 36 37 38 39 42 
1 3 3 1 1 1 3 
8 11 14 17 18 21 
3 3 3 1 3 
33 30 28 27 25 23 20 
3 2 
10 13 16 17 20 21 24 
3 3 1 3 1 3 
34 33 31 30 28 26 25 
1 2 
72 75 76 77 79 80 83 86 
3 1 1 2 1 3 3 
83 84 86 88 91 92 
1 2 2 3 1 
59 60 61 62 63 66 
1 1 1 1 3 
79 78 76 74 71 
1 2 
80 83 86 87 89 91 92 94 
3 3 1 2 2 1 2 
30 31 34 35 38 40 43 45 
1 3 1 3 2 3 2 
74 76 79 81 84 86 88 
2 3 2 3 2 2 
52 55 56 58 59 60 62 
3 1 2 1 1 2 
52 49 48 47 45 42 39 
3 1 
14 13 11 8 6 
1 2 
66 69 70 71 74 75 
3 1 1 3 1 
84 87 88 90 92 94 96 98 
3 1 2 2 2 2 2 
42 40 37 34 33 31 28 26 
2 3 
39 41 43 45 46 49 51 54 
2 2 2 1 3 2 3 
58 60 61 63 66 68 70 73 
2 1 2 3 2 2 3 
82 81 80 79 77 76 75 
1 1 
45 47 49 52 53 55 56 57 
2 2 3 1 2 1 1 
58 55 53 50 47 44 41 
3 2 
28 30 31 34 35 36 39 42 
2 1 3 1 1 3 3 
24 23 22 19 17 16 13 12 
1 1 
48 51 54 56 57 
3 3 2 1 
65 66 67 70 73 74 77 
1 1 3 3 1 3 
43 45 47 49 52 54 57 59 
2 2 2 3 2 3 2 
12 15 17 19 22 
3 2 2 3 
53 54 55 58 59 60 61 63 
1 1 3 1 1 1 2 
29 26 25 24 21 
3 1 
29 27 24 23 22 21 
2 3 
63 64 65 66 67 70 73 76 
1 1 1 1 3 3 3 
84 87 88 91 93 
3 1 3 2 
46 47 50 53 56 58 60 62 
1 3 3 3 2 2 2 
97 96 94 93 91 
1 2 
65 67 68 69 71 
2 1 1 2 
28 29 30 31 33 
1 1 1 2 
85 87 88 91 94 
2 1 3 3 
55 52 50 47 46 43 
3 2 
62 63 65 67 69 70 
1 2 2 2 1 
15 14 13 11 8 6 3 
1 1 
82 84 87 90 92 94 96 99 
2 3 3 2 2 2 3 
86 88 89 92 94 97 
2 1 3 2 3 
8 10 11 13 14 17 20 
2 1 2 1 3 3 
65 67 69 72 74 76 
2 2 3 2 2 
27 24 23 22 21 
3 1 
33 35 36 37 38 41 
2 1 1 1 3 
56 58 60 61 64 66 67 
2 2 1 3 2 1 
14 13 10 7 5 
1 3 
90 87 85 82 79 77 75 74 
3 2 
33 32 29 26 24 23 21 20 
1 3 
92 93 95 97 98 99 
1 2 2 1 1 
24 25 27 28 29 30 33 35 
1 2 1 1 1 3 2 
84 87 88 89 92 94 
3 1 1 3 2 
79 76 75 72 71 68 
3 1 
63 66 68 69 72 74 
3 2 1 3 2 
28 27 24 22 19 16 15 
1 3 
31 34 37 39 41 
3 3 2 2 
55 56 58 61 62 63 66 68 
1 2 3 1 1 3 2 
76 74 71 68 65 64 61 59 
2 3 
79 78 76 74 71 68 
1 2 
70 71 74 77 78 80 83 
1 3 3 1 2 3 
50 47 45 43 42 
3 2 
33 32 31 28 26 
1 1 
86 84 81 79 76 75 74 73 
2 3 
16 18 19 21 23 24 26 27 
2 1 2 2 1 2 1 
14 13 10 7 6 3 
1 3 
27 26 23 21 18 15 14 
1 3 
13 15 18 21 24 
2 3 3 3 
20 17 16 15 14 
3 1 
49 48 47 44 43 42 41 40 
1 1 
45 46 49 52 53 
1 3 3 1 
83 86 88 89 91 94 
3 2 1 2 3 
17 15 14 11 8 5 
2 1 
70 72 73 76 79 
2 1 3 3 
77 76 74 71 70 67 
1 2 
16 18 19 22 23 
2 1 3 1 
34 31 30 27 25 24 21 
3 1 
39 38 35 32 30 
1 3 
67 68 71 74 76 78 81 
1 3 3 2 2 3 
68 67 66 65 62 60 59 57 
1 1 
43 44 46 49 50 53 
1 2 3 1 3 
52 51 48 47 44 42 
1 3 
68 69 72 75 76 79 80 81 
1 3 3 1 3 1 1 
21 20 17 16 15 
1 3 
24 21 20 17 15 
3 1 
39 40 43 46 48 49 
1 3 3 2 1 
44 41 40 38 35 
3 1 
71 73 74 76 77 78 79 82 
2 1 2 1 1 1 3 
16 19 20 21 23 25 26 
3 1 1 2 2 1 
49 51 54 56 58 59 61 62 
2 3 2 2 1 2 1 
35 38 40 42 45 48 50 52 
3 2 2 3 3 2 2 
4 5 7 8 11 12 
1 2 1 3 1 
92 89 88 87 85 82 80 77 
3 1 
74 76 78 80 83 85 
2 2 2 3 2 
16 13 12 9 8 5 4 2 
3 1 
84 87 90 91 92 94 97 
3 3 1 1 2 3 
35 38 41 44 47 49 52 
3 3 3 3 2 3 
41 40 37 35 32 29 
1 3 
54 57 60 61 64 65 
3 3 1 3 1 
30 32 35 38 41 44 46 48 
2 3 3 3 3 2 2 
73 71 70 67 66 63 60 59 
2 1 
71 72 74 75 78 81 
1 2 1 3 3 
85 88 89 92 95 97 
3 1 3 3 2 
80 77 76 75 74 71 69 67 
3 1 
11 12 13 15 18 20 
1 1 2 3 2 
62 65 67 70 73 74 77 
3 2 3 3 1 3 
60 61 64 65 66 67 
1 3 1 1 1 
64 62 61 59 58 56 54 51 
2 1 
47 49 51 53 56 59 62 
2 2 2 3 3 3 
99 96 95 93 91 89 87 
3 1 
42 44 46 47 49 52 53 
2 2 1 2 3 1 
75 77 79 82 83 86 88 91 
2 2 3 1 3 2 3 
22 24 25 28 30 32 33 
2 1 3 2 2 1 
15 16 19 21 23 24 
1 3 2 2 1 
67 68 71 74 75 76 77 79 
1 3 3 1 1 1 2 
85 83 80 79 78 75 
2 3 
53 56 59 62 64 66 68 
3 3 3 2 2 2 
20 19 17 15 12 
1 2 
84 85 87 89 91 92 93 96 
1 2 2 2 1 1 3 
20 23 25 27 30 
3 2 2 3 
72 75 78 80 82 85 87 89 
3 3 2 2 3 2 2 
82 84 85 87 89 91 
2 1 2 2 2 
83 84 85 88 91 93 
1 1 3 3 2 
2 3 5 8 11 13 15 
1 2 3 3 2 2 
89 86 84 82 79 76 
3 2 
86 84 83 82 81 
2 1 
55 56 58 61 62 65 
1 2 3 1 3 
43 41 39 36 33 32 
2 2 
36 39 40 43 46 47 49 51 
3 1 3 3 1 2 2 
27 25 22 20 17 14 13 
2 3 
52 51 50 48 45 42 
1 1 
77 76 73 71 68 
1 3 
41 44 47 48 49 50 51 
3 3 1 1 1 1 
16 17 20 22 24 26 28 30 
1 3 2 2 2 2 2 
56 53 50 48 47 45 44 
3 3 
69 70 73 75 76 79 82 84 
1 3 2 1 3 3 2 
95 92 89 87 85 
3 3 
51 52 55 58 61 
1 3 3 3 
31 30 27 26 23 
1 3 
74 71 68 65 63 
3 3 
63 62 61 58 55 
1 1 
10 11 14 16 18 19 21 
1 3 2 2 1 2 
79 82 83 85 87 89 
3 1 2 2 2 
9 6 5 4 3 
3 1 
87 86 85 83 81 
1 1 
88 90 92 95 96 98 
2 2 3 1 2 
27 29 32 35 38 39 
2 3 3 3 1 
48 47 46 43 41 
1 1 
73 75 78 79 80 83 
2 3 1 1 3 
66 63 62 60 59 57 56 54 
3 1 
27 28 31 32 34 35 36 
1 3 1 2 1 1 
2 5 6 8 9 11 14 17 
3 1 2 1 2 3 3 
68 67 64 62 61 59 57 54 
1 3 
77 75 72 69 67 
2 3 
14 15 17 18 21 23 24 26 
1 2 1 3 2 1 2 
35 38 41 42 45 48 
3 3 1 3 3 
87 86 85 82 81 79 
1 1 
44 41 40 38 36 34 
3 1 
36 34 33 30 28 
2 1 
32 33 34 36 39 
1 1 2 3 
45 44 41 39 37 34 
1 3 
75 77 79 82 85 87 88 
2 2 3 3 2 1 
50 53 54 56 58 60 
3 1 2 2 2 
43 46 47 48 50 52 
3 1 1 2 2 
46 45 44 41 38 
1 1 
39 37 34 32 31 28 26 25 
2 3 
96 94 93 90 88 85 82 
2 1 
88 86 84 82 80 77 75 
2 2 
68 66 63 62 61 58 56 
2 3 
68 71 72 74 75 77 
3 1 2 1 2 
57 58 59 61 62 64 66 67 
1 1 2 1 2 2 1 
15 12 10 9 7 
3 2 
39 36 35 34 32 
3 1 
2 4 6 7 10 
2 2 1 3 
54 53 51 48 46 44 41 
1 2 
54 51 48 47 44 
3 3 
17 16 15 14 12 10 
1 1 
31 33 34 37 40 41 
2 1 3 3 1 
79 81 84 85 88 90 
2 3 1 3 2 
88 87 86 83 80 
1 1 
11 12 15 16 18 21 24 
1 3 1 2 3 3 
29 31 33 34 35 37 40 
2 2 1 1 2 3 
41 42 45 47 50 
1 3 2 3 
34 35 37 39 42 45 
1 2 2 3 3 
70 71 72 75 78 79 81 
1 1 3 3 1 2 
38 36 35 33 32 29 
2 1 
9 10 12 14 16 18 21 
1 2 2 2 2 3 
36 35 32 31 28 27 26 25 
1 3 
74 76 79 82 83 84 85 86 
2 3 3 1 1 1 1 
84 81 80 79 77 75 74 73 
3 1 
77 76 75 74 71 69 68 
1 1 
64 61 60 57 55 
3 1 
97 95 93 90 89 87 85 84 
2 2 
54 53 50 48 46 44 42 39 
1 3 
23 24 27 30 31 32 
1 3 3 1 1 
37 38 39 41 44 47 
1 1 2 3 3 
96 93 91 90 89 86 84 
3 2 
65 64 61 60 58 57 54 53 
1 3 
25 28 30 33 36 37 40 
3 2 3 3 1 3 
13 14 15 18 19 21 23 
1 1 3 1 2 2 
35 32 31 28 26 25 24 23 
3 1 
45 44 41 39 36 
1 3 
89 87 85 82 80 
2 2 
33 34 36 37 39 
1 2 1 2 
13 16 18 20 21 24 27 28 
3 2 2 1 3 3 1 
93 90 87 86 83 81 
3 3 
7 9 11 12 13 15 17 
2 2 1 1 2 2 
23 22 20 18 15 
1 2 
35 36 37 38 39 40 43 
1 1 1 1 1 3 
30 32 33 35 38 40 
2 1 2 3 2 
83 84 87 88 90 91 94 97 
1 3 1 2 1 3 3 
46 45 42 39 36 33 31 
1 3 
62 59 56 55 52 51 48 
3 3 
46 44 42 41 39 37 34 
2 2 
19 17 16 13 12 11 8 7 
2 1 
81 79 78 77 76 73 
2 1 
95 92 91 88 86 84 82 
3 1 
80 81 84 86 88 90 91 
1 3 2 2 2 1 
27 30 32 35 37 40 41 
3 2 3 2 3 1 
40 38 36 33 32 
2 2 
70 73 76 79 81 83 84 85 
3 3 3 2 2 1 1 
34 35 38 39 41 
1 3 1 2 
25 22 20 19 18 17 
3 2 
64 65 68 71 72 74 
1 3 3 1 2 
27 28 29 30 33 36 39 40 
1 1 1 3 3 3 1 
77 74 71 68 66 
3 3 
73 75 78 80 83 
2 3 2 3 
35 36 38 39 42 45 
1 2 1 3 3 
9 11 13 15 16 18 20 21 
2 2 2 1 2 2 1 
73 70 67 65 64 61 60 
3 3 
62 60 58 56 55 52 
2 2 
79 77 76 73 72 
2 1 
42 41 38 36 33 
1 3 
75 73 72 71 70 
2 1 
39 41 44 47 48 50 
2 3 3 1 2 
44 46 48 50 53 
2 2 2 3 
52 55 56 59 62 65 
3 1 3 3 3 
63 65 67 70 72 74 
2 2 3 2 2 
30 31 33 36 39 42 44 
1 2 3 3 3 2 
34 33 30 28 27 
1 3 
19 17 15 13 11 8 
2 2 
33 36 37 40 41 44 47 48 
3 1 3 1 3 3 1 
56 55 54 53 50 
1 1 
61 63 66 69 72 75 76 
2 3 3 3 3 1 
68 71 73 76 79 81 83 
3 2 3 3 2 2 
22 19 18 16 15 12 11 
3 1 
17 20 23 25 28 
3 3 2 3 
50 47 44 41 38 37 
3 3 
78 81 82 83 85 88 91 
3 1 1 2 3 3 
21 22 25 28 30 32 
1 3 3 2 2 
80 79 78 76 73 70 
1 1 
63 60 59 57 54 51 48 45 
3 1 
72 73 75 76 79 82 
1 2 1 3 3 
18 21 24 26 29 
3 3 2 3 
56 54 52 51 48 45 44 
2 2 
37 36 34 32 29 28 25 23 
1 2 
29 32 34 35 37 40 42 
3 2 1 2 3 2 
31 29 28 27 26 
2 1 
62 64 67 68 71 73 
2 3 1 3 2 
16 15 12 10 7 
1 3 
87 86 85 82 80 79 77 76 
1 1 
78 76 73 70 69 
2 3 
70 73 74 76 79 82 85 
3 1 2 3 3 3 
18 21 23 26 29 30 32 33 
3 2 3 3 1 2 1 
53 51 49 48 47 46 44 
2 2 
61 62 65 68 69 72 74 76 
1 3 3 1 3 2 2 
18 17 15 13 11 
1 2 
78 80 83 84 86 89 92 
2 3 1 2 3 3 
57 59 61 62 64 65 68 71 
2 2 1 2 1 3 3 
85 86 88 91 92 
1 2 3 1 
77 76 75 73 72 
1 1 
58 57 56 54 52 
1 1 
36 37 38 40 42 45 47 
1 1 2 2 3 2 
65 66 68 71 73 75 78 80 
1 2 3 2 2 3 2 
10 13 16 19 20 23 25 28 
3 3 3 1 3 2 3 
81 80 79 78 75 73 70 
1 1 
50 48 47 44 41 39 37 
2 1 
26 23 22 20 18 16 14 
3 1 
58 57 54 53 51 50 
1 3 
35 34 31 28 26 24 21 
1 3 
73 74 77 79 82 84 85 88 
1 3 2 3 2 1 3 
15 14 12 10 9 8 5 
1 2 
85 88 90 93 96 
3 2 3 3 
74 76 79 82 84 87 
2 3 3 2 3 
24 21 19 18 15 12 9 
3 2 
41 42 44 45 48 
1 2 1 3 
95 92 89 86 84 
3 3 
7 9 12 14 16 18 21 24 
2 3 2 2 2 3 3 
4 7 8 11 14 15 
3 1 3 3 1 
32 29 28 25 23 20 18 
3 1 
15 13 12 11 8 6 5 
2 1 
41 38 36 34 33 30 28 27 
3 2 
98 97 96 95 93 90 88 
1 1 
89 86 83 82 81 
3 3 
72 71 69 68 67 
1 2 
45 43 41 39 37 34 31 
2 2 
54 57 58 59 61 64 
3 1 1 2 3 
85 88 90 92 93 94 97 
3 2 2 1 1 3 
85 87 88 89 90 
2 1 1 1 
55 57 60 63 64 
2 3 3 1 
45 46 48 51 52 54 57 59 
1 2 3 1 2 3 2 
34 31 30 27 25 22 20 19 
3 1 
83 82 81 80 78 76 73 
1 1 
73 71 69 68 66 65 63 
2 2 
53 56 57 59 62 65 66 
3 1 2 3 3 1 
84 87 90 93 96 
3 3 3 3 
20 21 24 26 28 30 32 34 
1 3 2 2 2 2 2 
49 51 53 54 56 57 60 62 
2 2 1 2 1 3 2 
75 77 78 80 81 84 
2 1 2 1 3 
46 49 52 54 56 57 60 63 
3 3 2 2 1 3 3 
69 70 71 73 74 76 
1 1 2 1 2 
27 24 22 19 16 15 
3 2 
29 32 35 37 38 39 41 
3 3 2 1 1 2 
53 56 59 62 65 
3 3 3 3 
48 47 44 41 40 39 
1 3 
40 41 43 45 46 49 50 52 
1 2 2 1 3 1 2 
86 87 90 92 93 96 
1 3 2 1 3 
55 56 59 61 64 67 68 
1 3 2 3 3 1 
72 74 77 78 81 84 87 
2 3 1 3 3 3 
25 23 22 20 19 18 
2 1 
2 3 6 9 12 15 17 
1 3 3 3 3 2 
86 88 90 91 93 
2 2 1 2 
66 65 63 60 58 57 56 53 
1 2 
62 59 56 53 51 49 48 
3 3 
42 41 39 38 37 36 35 
1 2 
23 26 27 29 32 35 
3 1 2 3 3 
2 5 6 8 11 13 
3 1 2 3 2 
27 26 23 20 17 14 
1 3 
17 16 15 12 9 8 
1 1 
40 37 36 33 30 
3 1 
79 81 82 84 86 
2 1 2 2 
44 46 49 52 53 54 57 59 
2 3 3 1 1 3 2 
20 22 25 28 30 32 35 36 
2 3 3 2 2 3 1 
45 48 51 52 53 55 
3 3 1 1 2 
89 88 87 86 83 82 
1 1 
11 14 16 17 19 21 
3 2 1 2 2 
61 64 66 67 70 72 75 78 
3 2 1 3 2 3 3 
582
